1490145009	0	0	0	0	0
1490173809	0	0	0	0	0
1490260208	0	0	0	0	0
1490346637	0	0	0	0	0
1490433034	0	0	0	0	0
1490519434	0	0	0	0	0
1490605910	0	0	0	0	0
1490692185	0	0	0	0	0
1490778666	0	0	0	0	0
1490864995	0	0	0	0	0
1490951368	0	0	0	0	0
1491037962	0	0	0	0	0
1491124244	0	0	0	0	0
1491210616	0	0	0	0	0
1491297104	0	0	0	0	0
1491383425	0	0	0	0	0
1491469797	0	0	0	0	0
1491556276	0	0	0	0	0
1491642590	0	0	0	0	0
1491728990	0	0	0	0	0
1491815477	0	0	0	0	0
1491901850	0	0	0	0	0
1491988330	0	0	0	0	0
1492074607	0	0	0	0	0
1492161054	0	0	0	0	0
1492247544	0	0	0	0	0
1492333787	0	0	0	0	0
1492420276	0	0	0	0	0
1492506720	0	0	0	0	0
1492593067	0	0	0	0	0
1492679404	0	0	0	0	0
1492765848	0	0	0	0	0
1492852269	0	0	0	0	0
1492938659	0	0	0	0	0
1493025047	0	0	0	0	0
1493111608	0	0	0	0	0
1493197891	0	0	0	0	0
1493284242	0	0	0	0	0
1493370704	0	0	0	0	0
1493457081	0	0	0	0	0
1493543453	0	0	0	0	0
1493629886	0	0	0	0	0
1493716291	0	0	0	0	0
1493802638	0	0	0	0	0
1493889005	0	0	0	0	0
1493975434	0	0	0	0	0
1494061790	0	0	0	0	0
1494148248	0	0	0	0	0
1494234824	0	0	0	0	0
1494321142	0	0	0	0	0
1494407498	0	0	0	0	0
1494493960	0	0	0	0	0
1494580249	0	0	0	0	0
1494666681	0	0	0	0	0
1494753058	0	0	0	0	0
1494839486	0	0	0	0	0
1494925916	0	0	0	0	0
1495012269	0	0	0	0	0
1495098780	0	0	0	0	0
1495185093	0	0	0	0	0
1495271487	0	0	0	0	0
1495358057	0	0	0	0	0
1495444296	0	0	0	0	0
1495530812	0	0	0	0	0
1495617196	0	0	0	0	0
1495703502	0	0	0	0	0
1495789862	0	0	0	0	0
1495876371	0	0	0	0	0
1495962724	0	0	0	0	0
1496049120	0	0	0	0	0
1496135507	0	0	0	0	0
1496221879	0	0	0	0	0
1496308327	0	0	0	0	0
1496394715	0	0	0	0	0
1496481133	0	0	0	0	0
1496567525	0	0	0	0	0
1496653888	0	0	0	0	0
1496740353	0	0	0	0	0
1496913022	0	0	0	0	0
1496999570	0	0	0	0	0
1497085972	0	0	0	0	0
1497172324	0	0	0	0	0
1497258764	0	0	0	0	0
1497345324	0	0	0	0	0
1497431571	0	0	0	0	0
1497517953	0	0	0	0	0
1497604334	0	0	0	0	0
1497690723	0	0	0	0	0
1497777108	0	0	0	0	0
1497863510	0	0	0	0	0
1497949961	0	0	0	0	0
1498036497	0	0	0	0	0
1498122784	0	0	0	0	0
1498209109	0	0	0	0	0
1498295579	0	0	0	0	0
1498381956	0	0	0	0	0
1498468447	0	0	0	0	0
1498554739	0	0	0	0	0
1498641181	0	0	0	0	0
1498727735	0	0	0	0	0
1498813926	0	0	0	0	0
1498900289	0	0	0	0	0
1498986775	0	0	0	0	0
1499073269	0	0	0	0	0
1499159596	0	0	0	0	0
1499245949	0	0	0	0	0
1499332403	0	0	0	0	0
1499418760	0	0	0	0	0
1499505231	0	0	0	0	0
1499591602	0	0	0	0	0
1499678006	0	0	0	0	0
1499764383	0	0	0	0	0
1499850895	1	1	17	17	17
1499937281	1	1	18	18	18
1500023711	1	1	22	22	22
1500110121	1	1	23	23	11
1500196435	1	1	23	23	11
1500282954	1	1	25	25	13
1500369365	1	1	36	36	21
1500455688	2	2	48	48	31
1500542141	2	2	53	53	36
1500628379	2	2	53	53	35
1500714824	2	2	55	55	32
1500801212	2	2	55	55	32
1500887733	2	2	56	56	33
1500973995	2	2	57	57	21
1501060492	2	2	57	57	16
1501146775	2	1	69	69	19
1501233206	2	1	69	69	16
1501319599	2	1	70	70	15
1501406121	2	1	70	70	15
1501492452	2	1	75	75	20
1501579026	2	1	83	83	26
1501665294	2	1	84	84	27
1501751707	2	1	85	85	23
1501838102	2	1	86	86	17
1501924462	2	1	89	89	19
1502010904	2	1	89	89	19
1502097446	2	1	77	89	19
1502183817	2	1	78	90	10
1502270341	3	2	79	91	7
1502356664	4	3	80	95	11
1502442899	4	3	83	100	15
1502529322	4	3	97	114	25
1502615662	4	3	96	114	25
1502702189	4	3	93	116	27
1502788508	4	3	94	117	27
1502875063	5	4	98	121	31
1503047862	5	2	84	125	26
1503134022	5	2	75	125	11
1503220375	5	2	72	125	11
1503306887	5	2	72	127	13
1503393313	5	2	74	129	12
1503479646	5	2	79	134	15
1503566114	5	1	78	135	14
1503652506	5	1	79	136	13
1503738834	5	1	75	137	12
1503825472	5	1	68	137	12
1503911720	5	1	76	146	21
1503998111	5	1	103	173	46
1504084519	5	1	109	179	46
1504170864	5	1	100	180	45
1504257295	5	1	96	180	44
1504343656	5	1	96	180	43
1504430076	5	1	95	180	43
1504516516	5	1	111	200	63
1504603038	5	1	132	221	57
1504689665	6	2	153	242	63
1504775628	6	2	181	271	92
1504862145	6	2	203	293	113
1504948438	6	2	200	295	115
1505035003	6	2	196	295	115
1505121432	6	2	181	295	114
1505208511	6	2	194	308	91
1505294821	7	2	197	311	84
1505381196	7	2	196	313	45
1505468037	7	2	196	315	23
1505553822	7	2	194	315	20
1505639677	7	2	192	315	20
1505726151	7	2	194	319	24
1505813227	7	3	197	322	24
1505899248	7	3	200	325	15
1505985489	7	2	198	325	13
1506072156	7	2	204	337	23
1506244586	7	2	248	384	69
1506330983	7	2	281	418	103
1506503750	7	1	321	458	134
1506590295	7	1	360	524	198
1506676888	7	1	375	554	218
1506849350	7	1	418	598	214
1506935744	7	1	418	598	214
1507022684	7	1	418	598	161
1507108763	7	1	417	598	148
1507281395	7	1	371	598	61
1507454352	7	1	307	599	1
1507626921	7	1	304	599	1
1507713436	7	1	304	599	1
1507799804	7	1	302	600	2
1507886117	7	1	290	600	2
1507972573	7	1	288	600	1
1508059076	7	1	286	600	1
1508145520	7	1	285	600	1
1508231771	7	1	285	600	1
1508318190	7	1	285	600	1
1508404540	7	0	278	600	0
1508490972	10	4	282	606	6
1508577450	10	4	280	606	6
1508663827	10	4	270	606	6
1508750136	10	4	254	606	6
1508836687	10	4	222	606	6
1508923077	10	4	222	606	6
1509009395	10	4	171	608	8
1509095782	10	1	159	609	4
1509182225	10	1	141	609	3
1509268545	10	1	72	609	3
1509355015	10	1	13	609	3
1509527816	10	1	11	609	3
1509614175	10	1	11	609	1
1509700706	10	0	11	609	0
1509787002	10	0	11	609	0
1509873373	10	0	11	609	0
1509959724	10	0	10	609	0
1510046158	10	0	10	609	0
1510132629	10	0	10	609	0
1510219159	10	0	10	609	0
1510305481	10	0	10	609	0
1510391729	10	0	9	609	0
1510478192	10	0	9	609	0
1510564680	10	0	9	609	0
1510650951	10	0	9	609	0
1510737536	10	0	9	609	0
1510823786	10	0	9	609	0
1510910072	10	1	21	621	5
1510996622	10	1	21	621	5
1511082874	10	1	16	621	5
1511169215	10	1	17	623	7
1511255626	10	1	46	652	32
1511342089	10	1	66	672	52
1511428472	10	1	77	683	62
1511515029	10	1	100	706	85
1511601410	10	1	102	710	89
1511687740	10	1	101	710	89
1511774083	10	1	101	710	89
1511860598	10	1	103	712	79
1511946987	10	1	103	712	40
1512033229	10	1	101	712	31
1512119658	10	1	101	712	10
1512206106	10	1	101	712	3
1512292442	10	1	101	713	3
1512378870	10	1	99	713	3
1512465335	10	1	100	714	3
1512551718	10	1	101	715	3
1512638086	10	1	100	715	3
1512724786	10	1	103	718	6
1512810875	10	1	102	718	6
1512897299	10	1	102	718	5
1512983886	11	2	119	735	22
1513070083	11	2	119	735	22
1513156489	11	2	122	738	23
1513243006	11	2	122	742	27
1513329381	11	2	123	743	25
1513415719	11	2	122	743	25
1513502116	11	2	122	743	25
1513588721	11	2	122	743	10
1513674904	12	3	125	746	11
1513761331	12	3	128	749	11
1513847736	12	3	123	756	14
1513934169	12	3	87	759	16
1514020619	12	3	78	759	16
1514106985	12	3	57	759	16
1514193394	12	3	50	759	16
1514279712	12	3	49	759	16
1514366279	12	2	49	759	13
1514452713	12	1	48	759	3
1514539124	12	2	50	762	3
1514625399	12	2	50	762	3
1514711827	12	2	50	762	3
1514798308	12	2	51	763	4
1514884650	12	2	51	764	5
1514970952	12	2	51	764	5
1515057605	12	2	52	765	6
1515143874	12	2	50	765	3
1515230267	12	2	50	765	3
1515316643	12	2	47	765	3
1515403334	12	1	47	765	2
1515489561	12	1	47	765	2
1515575907	13	2	33	766	2
1515662328	13	2	37	772	7
1515748730	13	2	34	772	7
1515834473	13	2	34	776	11
1515921513	13	2	34	777	12
1516007323	13	2	34	777	12
1516094445	14	3	36	779	14
1516180183	14	3	37	780	15
1516267197	15	4	71	814	47
1516353325	15	4	96	842	69
1516439707	15	4	89	845	69
1516526358	15	4	86	845	69
1516612564	15	4	86	845	67
1516698984	15	4	87	846	66
1516785321	15	2	92	851	46
1516871833	15	2	94	853	13
1516958107	15	2	94	853	8
1517044498	15	2	96	855	10
1517130967	15	2	93	855	10
1517217308	15	2	93	855	10
1517303731	15	3	97	859	13
1517390314	15	2	97	860	7
1517476542	15	2	98	861	8
1517563094	15	2	97	861	6
1517649315	15	2	96	861	6
1517735785	15	2	96	861	6
1517822099	15	2	103	868	12
1517908585	15	2	104	869	10
1517995040	15	1	104	869	9
1518081013	15	1	104	869	8
1518167392	15	1	104	869	8
1518254150	15	1	102	869	8
1518340519	15	1	96	869	8
1518426263	15	1	93	869	1
1518513002	15	0	93	869	0
1518599094	15	0	91	869	0
1518685535	15	0	89	869	0
1518771939	15	0	64	869	0
1518858922	15	0	29	869	0
1518944789	15	0	24	869	0
1519031121	15	0	24	869	0
1519117486	15	0	24	869	0
1519203984	15	0	24	869	0
1519291103	15	1	29	875	1
1519376793	15	1	22	875	1
1519463087	15	1	22	875	1
1519549520	15	1	20	875	1
1519635960	15	0	20	875	0
1519722394	15	0	20	875	0
1519808801	15	0	19	875	0
1519895192	15	0	16	875	0
1519981586	15	0	15	875	0
1520068848	15	0	14	875	0
1520155044	15	2	20	881	3
1520240726	15	2	20	881	3
1520327254	15	1	20	881	2
1520413688	15	1	13	881	2
1520499917	15	1	12	881	1
1520931888	15	0	12	881	0
1521019079	15	3	29	898	17
1521104830	15	3	26	898	13
1521191135	15	2	25	898	10
1521278284	15	2	24	898	9
1521363910	15	2	24	898	8
1521450564	15	1	24	898	7
1521536654	15	0	24	898	0
1521623190	15	0	23	898	0
1521709536	15	0	23	898	0
1521796008	15	0	23	898	0
1521883399	15	0	23	898	0
1521969612	15	1	23	899	1
1522055171	15	1	21	899	1
1522141573	15	1	21	899	1
1522227937	15	0	21	899	0
1522314348	15	0	20	899	0
1522400665	15	0	20	899	0
1522487939	15	0	19	899	0
1522574182	15	0	19	899	0
1522660711	15	0	18	899	0
1522746995	15	0	18	899	0
1522833466	15	0	18	899	0
1522919825	15	0	18	899	0
1523006258	15	0	18	899	0
1523092695	15	1	24	909	2
1523179252	15	1	21	909	2
1523265454	15	1	20	909	2
1523351888	15	1	19	909	2
1523438173	15	1	18	909	2
1523524655	15	1	11	909	1
1523611164	15	0	11	909	0
1523697662	15	0	11	909	0
1523783930	15	0	11	909	0
1523870295	15	0	11	909	0
1523956602	15	0	11	909	0
1524043085	15	0	11	909	0
1524129413	15	0	11	909	0
1524216068	15	2	16	915	3
1524302232	15	1	16	915	1
1524388684	15	1	16	915	1
1524475160	15	1	16	915	1
1524561386	15	1	16	915	1
1524648083	15	1	16	915	1
1524734438	15	1	15	915	1
1524820770	15	2	23	923	8
1524907061	15	2	16	923	8
1524993465	15	2	16	923	8
1525079992	15	2	16	923	8
1525166390	15	2	16	923	8
1525252690	15	2	16	923	7
1525339045	15	2	16	923	5
1525425535	15	0	16	923	0
1525511981	15	0	15	923	0
1525598353	15	1	19	928	2
1525684824	15	1	19	928	2
1525771075	15	1	19	928	2
1525857611	15	1	18	928	2
1525943874	15	1	18	928	1
1526030267	15	1	18	928	1
1526116781	15	0	16	928	0
1526203206	15	0	16	928	0
1526289604	15	0	14	928	0
1526375811	15	0	14	928	0
1526462343	15	0	14	928	0
1526548695	15	0	14	928	0
1526635030	15	0	14	928	0
1526721703	15	0	14	928	0
1526807974	15	0	13	928	0
1526894339	15	0	13	928	0
1526980780	15	0	13	928	0
1527067181	15	0	13	928	0
1527153613	15	0	13	928	0
1527240025	15	0	12	928	0
1527326524	15	0	10	928	0
1527412758	15	0	5	928	0
1527499155	15	0	3	928	0
1527585580	15	0	2	928	0
1527672211	15	0	2	928	0
1527758343	15	0	2	928	0
1527844726	15	0	2	928	0
1527931172	15	0	1	928	0
1528017798	15	0	1	928	0
1528104147	15	0	0	928	0
1528190378	15	0	0	928	0
1528276828	15	0	0	928	0
1528363225	15	0	0	928	0
1528449593	15	0	0	928	0
1528535995	15	0	0	928	0
1528622623	15	0	0	928	0
1528708764	15	0	0	928	0
1528795528	15	0	0	928	0
1528881578	15	0	0	928	0
1528967978	15	0	0	928	0
1529054374	15	0	0	928	0
1529140983	15	0	0	928	0
1529227148	15	0	0	928	0
1529313588	15	0	0	928	0
1529400170	15	0	0	928	0
1529486393	15	0	0	928	0
1529572783	15	0	0	928	0
1529659356	15	0	0	928	0
1529745664	15	0	0	928	0
1529831971	15	0	0	928	0
1529918527	15	0	0	928	0
1530004831	15	0	0	928	0
1530091203	15	0	0	928	0
1530177789	15	0	0	928	0
1530264105	15	0	0	928	0
1530350549	15	0	0	928	0
1530436928	15	0	0	928	0
1530523305	15	0	0	928	0
1530609656	15	0	0	928	0
1530696050	15	0	0	928	0
1530782514	15	0	0	928	0
1530869004	15	0	0	928	0
1530955268	15	0	0	928	0
1531041614	15	0	0	928	0
1531128146	15	0	0	928	0
1531214405	15	0	0	928	0
1531300797	15	0	0	928	0
1531387227	15	0	0	928	0
1531473659	15	0	0	928	0
1531560069	15	0	0	928	0
1531646547	15	0	0	928	0
1531732909	15	0	0	928	0
1531819227	15	0	0	928	0
1531905554	15	0	0	928	0
1531991994	15	0	0	928	0
1532078410	15	0	0	928	0
1532164910	15	0	0	928	0
1532251263	15	0	0	928	0
1532337556	15	0	0	928	0
1532423996	15	0	0	928	0
1532510645	15	0	0	928	0
1532596803	15	0	0	928	0
1532683307	15	0	0	928	0
1532769644	15	0	0	928	0
1532855996	15	0	0	928	0
1532942427	15	0	0	928	0
1533028833	15	0	0	928	0
1533115266	15	0	0	928	0
1533201613	15	0	0	928	0
1533288001	15	0	0	928	0
1533374462	15	0	0	928	0
1533460702	15	0	0	928	0
1533547134	15	0	0	928	0
1533633546	15	0	0	928	0
1533719972	15	0	0	928	0
1533806261	15	0	0	928	0
1533892752	15	0	0	928	0
1533979167	15	0	0	928	0
1534065570	15	0	0	928	0
1534151955	15	0	0	928	0
1534238337	15	0	0	928	0
1534324724	15	0	0	928	0
1534411137	15	0	0	928	0
1534497607	15	0	0	928	0
1534583984	15	0	0	928	0
1534670426	15	0	0	928	0
1534843116	15	0	0	928	0
1534929538	15	0	0	928	0
1535015920	15	0	0	928	0
1535102284	15	0	0	928	0
1535188748	15	0	0	928	0
1535275091	15	0	0	928	0
1535361509	15	0	0	928	0
1535448027	15	0	0	928	0
1535534309	15	0	0	928	0
1535620841	15	0	0	928	0
1535707300	15	0	0	928	0
1535793779	15	0	0	928	0
1535880145	15	0	0	928	0
1535966394	15	0	0	928	0
1536052796	15	0	0	928	0
1536139271	15	0	0	928	0
1536225521	15	0	0	928	0
1536311956	15	0	0	928	0
1536398571	15	0	0	928	0
1536484752	15	0	0	928	0
1536571246	15	0	0	928	0
1536657656	15	0	0	928	0
1536744032	15	0	0	928	0
1536830446	15	0	0	928	0
1536916763	15	0	0	928	0
1537003166	15	0	0	928	0
1537089686	15	0	0	928	0
1537176097	15	0	0	928	0
1537262371	15	0	0	928	0
1537348945	15	0	0	928	0
1537435254	15	0	0	928	0
1537521502	15	0	0	928	0
1537608045	15	0	0	928	0
1537694482	15	0	0	928	0
1537781008	15	0	0	928	0
1537867149	15	0	0	928	0
1537953570	15	0	0	928	0
1538039921	15	0	0	928	0
1538126577	15	0	0	928	0
1538212945	15	0	0	928	0
1538299257	15	0	0	928	0
1538471958	15	0	0	928	0
1538558478	15	0	0	928	0
1538644860	15	0	0	928	0
1538731170	15	0	0	928	0
1538817677	15	0	0	928	0
1538903843	15	0	0	928	0
1538990319	15	0	0	928	0
1539076848	15	0	0	928	0
1539163442	15	0	0	928	0
1539249648	15	0	0	928	0
1539336037	15	0	0	928	0
1539422294	15	0	0	928	0
1539508777	15	0	0	928	0
1539595214	15	0	0	928	0
1539681626	15	0	0	928	0
1539767883	15	0	0	928	0
1539854342	15	0	0	928	0
1539940919	15	0	0	928	0
1540027390	15	0	0	928	0
1540113561	15	0	0	928	0
1540199920	15	0	0	928	0
1540286496	15	0	0	928	0
1540372753	15	0	0	928	0
1540459381	15	0	0	928	0
1540545679	15	0	0	928	0
1540632083	15	0	0	928	0
1540718542	15	0	0	928	0
1540805042	15	0	0	928	0
1540891383	15	0	0	928	0
1540977764	15	0	0	928	0
1541063958	15	0	0	928	0
1541150311	15	0	0	928	0
1541236884	15	0	0	928	0
1541323116	15	0	0	928	0
1541409752	15	0	0	928	0
1541495895	15	0	0	928	0
1541582443	15	0	0	928	0
1541668960	15	0	0	928	0
1541755272	15	0	0	928	0
1541841557	15	0	0	928	0
1541927873	15	0	0	928	0
1542014382	15	0	0	928	0
1542100745	15	0	0	928	0
1542187323	15	0	0	928	0
1542273512	15	0	0	928	0
1542359949	15	0	0	928	0
1542446343	15	0	0	928	0
1542532694	15	0	0	928	0
1542619119	15	0	0	928	0
1542705492	15	0	0	928	0
1542791889	15	0	0	928	0
1542878346	15	0	0	928	0
1542964821	15	0	0	928	0
1543051190	15	0	0	928	0
1543137496	15	0	0	928	0
1543224010	15	0	0	928	0
1543310431	15	0	0	928	0
1543396794	15	0	0	928	0
1543483132	15	0	0	928	0
1543569576	15	0	0	928	0
1543655876	15	0	0	928	0
1543742316	15	0	0	928	0
1543828918	15	0	0	928	0
1543915470	15	0	0	928	0
1544001681	15	0	0	928	0
1544088110	15	0	0	928	0
1544174472	15	0	0	928	0
1544260957	15	0	0	928	0
1544347284	15	0	0	928	0
1544347284	15	0	0	928	0
1544347284	15	0	0	928	0
1544347284	15	0	0	928	0
1544347284	15	0	0	928	0
1544347284	15	0	0	928	0
1544347284	15	0	0	928	0
1544347284	15	0	0	928	0
1544347284	15	0	0	928	0
1544347284	15	0	0	928	0
1544347284	15	0	0	928	0
1544347284	15	0	0	928	0
1544347284	15	0	0	928	0
1544347284	15	0	0	928	0
1544347284	15	0	0	928	0
1544347284	15	0	0	928	0
1544347284	15	0	0	928	0
1544347284	15	0	0	928	0
1544347284	15	0	0	928	0
1544347284	15	0	0	928	0
1544347284	15	0	0	928	0
1544347284	15	0	0	928	0
1544347284	15	0	0	928	0
1544347284	15	0	0	928	0
1544347284	15	0	0	928	0
1544347284	15	0	0	928	0
1544347284	15	0	0	928	0
1544347284	15	0	0	928	0
1544347284	15	0	0	928	0
1544347284	15	0	0	928	0
1544347284	15	0	0	928	0
1544347284	15	0	0	928	0
1544347284	15	0	0	928	0
1544347284	15	0	0	928	0
1544347284	15	0	0	928	0
1544347284	15	0	0	928	0
1544347284	15	0	0	928	0
1544347284	15	0	0	928	0
1544347284	15	0	0	928	0
1544347284	15	0	0	928	0
1544347284	15	0	0	928	0
1544347284	15	0	0	928	0
1544347284	15	0	0	928	0
1544347284	15	0	0	928	0
1544347284	15	0	0	928	0
1544347284	15	0	0	928	0
1544347284	15	0	0	928	0
1544347284	15	0	0	928	0
1544347284	15	0	0	928	0
1544347284	15	0	0	928	0
1544347284	15	0	0	928	0
1544347284	15	0	0	928	0
1544347284	15	0	0	928	0
1544347284	15	0	0	928	0
1544347284	15	0	0	928	0
1544347284	15	0	0	928	0
1544347284	15	0	0	928	0
1544347284	15	0	0	928	0
1544347284	15	0	0	928	0
1544347284	15	0	0	928	0
1544347284	15	0	0	928	0
1544347284	15	0	0	928	0
1544347284	15	0	0	928	0
