1490145009	151	19	532	5867	95
1490173809	151	19	532	5867	95
1490260208	152	19	529	5879	99
1490346637	152	19	537	5895	92
1490433034	152	18	542	5923	107
1490519434	153	18	519	5930	106
1490605910	153	18	498	5933	107
1490692185	155	21	527	5973	119
1490778666	156	23	539	5989	117
1490864995	157	24	544	6005	115
1490951368	158	26	555	6042	141
1491037962	160	25	562	6066	144
1491124244	162	28	545	6072	141
1491210616	162	28	532	6075	139
1491297104	162	25	530	6087	114
1491383425	163	24	550	6110	122
1491469797	166	27	552	6138	141
1491556276	168	27	525	6167	130
1491642590	171	27	512	6182	116
1491728990	172	26	496	6186	114
1491815477	175	29	473	6191	116
1491901850	175	30	470	6197	110
1491988330	177	29	484	6218	108
1492074607	177	25	479	6230	97
1492161054	177	23	471	6243	76
1492247544	178	24	494	6274	92
1492333787	178	23	471	6274	88
1492420276	178	22	459	6275	85
1492506720	178	24	489	6313	117
1492593067	180	25	505	6331	113
1492679404	181	27	491	6345	115
1492765848	184	33	518	6390	148
1492852269	186	31	537	6427	153
1492938659	186	31	526	6427	153
1493025047	186	31	510	6432	157
1493111608	186	31	530	6461	148
1493197891	188	30	541	6477	146
1493284242	190	29	518	6491	147
1493370704	190	24	638	6626	237
1493457081	190	20	634	6631	204
1493543453	190	20	594	6631	204
1493629886	190	20	565	6631	200
1493716291	190	18	625	6697	236
1493802638	191	21	745	6820	344
1493889005	193	23	762	6849	358
1493975434	194	21	749	6859	293
1494061790	194	23	786	6919	288
1494148248	194	23	754	6921	290
1494234824	194	23	759	6941	310
1494321142	195	27	871	7057	426
1494407498	196	28	885	7075	264
1494493960	196	23	879	7075	236
1494580249	214	44	947	7165	307
1494666681	214	43	947	7177	261
1494753058	214	43	935	7177	256
1494839486	214	43	908	7182	260
1494925916	214	37	922	7196	149
1495012269	215	38	939	7214	151
1495098780	215	30	909	7222	126
1495185093	218	15	896	7227	69
1495271487	219	15	904	7248	74
1495358057	219	16	861	7250	73
1495444296	219	15	828	7255	76
1495530812	220	16	837	7264	69
1495617196	220	17	859	7290	77
1495703502	220	16	849	7310	93
1495789862	220	17	846	7322	96
1495876371	221	17	864	7355	110
1495962724	222	19	800	7366	117
1496049120	225	22	742	7373	122
1496135507	225	22	743	7374	111
1496221879	229	25	775	7406	118
1496308327	229	24	790	7421	115
1496394715	229	23	625	7436	115
1496481133	229	23	619	7458	112
1496567525	230	24	601	7459	93
1496653888	231	23	553	7469	98
1496740353	231	27	601	7522	148
1496913022	232	28	541	7588	172
1496999570	234	29	564	7627	195
1497085972	235	29	603	7699	241
1497172324	236	30	546	7704	245
1497258764	236	31	558	7732	272
1497345324	240	33	593	7770	273
1497431571	241	36	622	7801	249
1497517953	243	34	640	7835	262
1497604334	245	52	700	7913	297
1497690723	245	48	725	7942	251
1497777108	245	45	723	7949	245
1497863510	250	50	734	7979	275
1497949961	253	50	786	8035	271
1498036497	255	48	836	8087	296
1498122784	255	48	832	8095	275
1498209109	256	45	876	8164	291
1498295579	256	24	924	8230	289
1498381956	256	24	909	8230	282
1498468447	256	24	884	8230	281
1498554739	259	23	930	8296	299
1498641181	261	22	978	8349	289
1498727735	261	21	1010	8384	295
1498813926	262	39	1105	8496	359
1498900289	264	42	1133	8549	319
1498986775	264	42	1176	8608	378
1499073269	264	42	1242	8700	470
1499159596	266	41	1268	8727	454
1499245949	267	44	1291	8751	424
1499332403	268	44	1265	8762	385
1499418760	268	42	1234	8786	295
1499505231	269	41	1224	8797	269
1499591602	269	40	1184	8800	192
1499678006	269	40	1111	8802	194
1499764383	269	39	1132	8836	119
1499850813	270	40	1153	8857	112
1499937186	272	43	1129	8893	132
1500023605	272	43	1134	8925	148
1500110035	274	42	1129	8949	154
1500196355	274	42	1078	8951	152
1500282843	276	45	1043	8984	182
1500369245	277	47	1061	9009	196
1500455578	279	47	1094	9043	191
1500542047	280	46	1103	9100	217
1500628316	281	45	1079	9139	225
1500714752	284	45	1084	9173	224
1500801134	285	47	1049	9186	235
1500887629	285	46	977	9207	254
1500973932	288	46	1015	9245	241
1501060405	289	50	1053	9283	250
1501146723	289	49	1055	9328	256
1501233147	290	46	1074	9401	275
1501319542	291	41	1060	9437	269
1501406029	292	41	953	9444	259
1501492386	292	41	951	9479	277
1501578932	295	48	935	9543	318
1501665216	296	46	964	9572	299
1501751624	299	47	885	9602	296
1501838020	301	51	931	9676	305
1501924391	304	54	947	9708	279
1502010825	305	53	934	9711	267
1502097330	306	55	927	9722	278
1502183696	308	53	978	9777	251
1502270200	309	52	1035	9837	267
1502356528	311	54	1083	9896	303
1502442814	313	54	1114	9966	309
1502529235	315	49	1123	10006	298
1502615580	316	51	1106	10020	309
1502702077	317	52	1126	10075	361
1502788422	318	51	1214	10165	427
1502874941	324	59	1274	10227	408
1503047728	325	52	1293	10326	380
1503133966	325	51	1303	10375	376
1503220323	325	50	1252	10378	368
1503306818	326	52	1239	10407	379
1503393242	326	51	1294	10479	333
1503479590	330	54	1338	10540	341
1503566032	330	48	1366	10591	300
1503652441	331	50	1413	10686	385
1503738782	332	46	1421	10727	356
1503825366	332	46	1376	10747	369
1503911637	332	47	1338	10767	387
1503998056	332	47	1386	10830	385
1504084451	333	44	1434	10878	366
1504170804	335	43	1408	10934	359
1504257225	337	44	1419	10989	337
1504343605	338	43	1432	11025	305
1504430011	339	43	1371	11028	284
1504516452	339	44	1385	11093	346
1504602933	341	43	1409	11120	340
1504689552	345	52	1479	11193	329
1504775577	346	51	1545	11283	375
1504862065	346	48	1522	11341	375
1504948387	348	48	1552	11441	419
1505034929	349	48	1525	11471	444
1505121353	351	57	1509	11508	480
1505208438	351	57	1559	11569	469
1505294725	352	54	1641	11669	507
1505381108	356	54	1603	11749	528
1505467873	357	55	1602	11801	500
1505553750	358	57	1523	11814	441
1505639618	359	40	1519	11820	349
1505726070	359	41	1481	11852	379
1505813162	360	36	1524	11902	353
1505899144	362	37	1584	11964	347
1505985380	362	33	1519	11964	250
1506071996	367	40	1608	12120	346
1506244508	369	38	1550	12202	382
1506330906	369	59	1566	12286	462
1506503674	372	59	1733	12480	546
1506590213	375	66	1790	12570	576
1506676762	376	65	1788	12652	556
1506849279	378	67	1762	12728	528
1506935673	378	67	1792	12814	605
1507022569	378	65	1812	12839	529
1507108642	378	63	1811	12839	408
1507281317	378	43	1705	12867	253
1507454285	379	29	1621	12922	202
1507626859	383	40	1513	12984	148
1507713350	389	53	1683	13156	306
1507799725	395	62	1824	13373	510
1507886058	399	66	1892	13509	619
1507972507	399	69	1865	13579	675
1508058978	400	71	1833	13607	686
1508145408	400	69	1800	13610	681
1508231713	401	63	1814	13634	624
1508318124	402	59	1847	13671	447
1508404471	405	57	1822	13706	269
1508490914	405	40	1821	13755	216
1508577376	405	36	1792	13786	192
1508663750	405	33	1700	13796	186
1508750082	407	38	1672	13825	215
1508836596	411	40	1663	13863	209
1508923007	415	44	1685	13894	213
1509009335	415	47	1617	13927	213
1509095717	416	52	1568	13999	251
1509182156	416	50	1478	13999	214
1509268499	416	48	1385	13999	208
1509354948	416	46	1317	13999	195
1509527739	416	30	1271	13999	110
1509614117	416	25	1163	13999	83
1509700610	416	7	1149	13999	33
1509786930	416	0	1136	13999	0
1509873306	416	0	1109	13999	0
1509959671	416	0	1095	13999	0
1510046110	416	0	1078	13999	0
1510132556	416	0	1070	13999	0
1510219064	416	0	989	13999	0
1510305393	416	0	775	13999	0
1510391680	416	0	562	13999	0
1510478125	416	0	460	13999	0
1510564591	416	0	405	13999	0
1510650902	416	0	389	13999	0
1510737448	416	0	389	13999	0
1510823723	416	0	345	13999	0
1510910021	471	76	1414	15095	282
1510996530	473	74	1426	15140	266
1511082805	473	75	1394	15142	261
1511169165	475	76	1392	15177	279
1511255583	481	80	1472	15263	330
1511342036	482	80	1557	15361	379
1511428412	484	79	1583	15433	397
1511514948	485	78	1660	15549	474
1511601313	487	76	1698	15614	483
1511687667	488	75	1665	15631	490
1511774018	490	77	1622	15654	511
1511860513	490	70	1681	15732	523
1511946906	492	65	1773	15830	496
1512033180	493	68	1821	15921	507
1512119607	495	67	1775	15968	461
1512206048	497	68	1686	16010	399
1512292390	498	67	1634	16013	386
1512378812	498	66	1542	16027	379
1512465266	499	67	1543	16076	399
1512551650	500	53	1603	16139	326
1512638035	500	45	1513	16139	244
1512724652	504	67	1735	16414	463
1512810829	505	63	1718	16437	430
1512897232	505	62	1643	16456	443
1512983792	506	62	1617	16491	476
1513070032	507	60	1640	16521	465
1513156437	509	58	1697	16595	485
1513242928	512	63	1723	16656	490
1513329295	512	58	1712	16694	314
1513415662	515	59	1720	16756	324
1513502059	515	60	1704	16779	323
1513588619	516	64	1675	16806	349
1513674848	517	62	1686	16827	312
1513761258	518	67	1777	16920	378
1513847671	524	75	1775	16984	356
1513934097	528	76	1722	17056	376
1514020523	528	74	1676	17090	383
1514106905	528	73	1588	17095	318
1514193310	529	74	1506	17117	337
1514279664	531	78	1558	17185	365
1514366176	533	74	1594	17242	365
1514452608	534	71	1677	17354	415
1514539024	536	45	1646	17459	443
1514625324	536	40	1569	17464	379
1514711731	537	41	1524	17475	385
1514798207	537	41	1469	17476	381
1514884562	537	39	1520	17533	375
1514970882	538	56	1630	17645	435
1515057503	540	62	1657	17713	382
1515143805	543	64	1721	17831	427
1515230202	544	63	1684	17850	386
1515316586	544	63	1506	17886	416
1515403210	545	70	1506	17938	462
1515489496	545	73	1540	17996	518
1515575835	546	67	1666	18123	547
1515662253	547	69	1659	18174	498
1515748634	549	63	1632	18174	376
1515834400	549	61	1601	18229	386
1515921395	549	64	1583	18263	377
1516007206	549	64	1556	18263	376
1516094390	551	63	1574	18351	377
1516180076	551	58	1674	18454	422
1516267148	554	40	1707	18527	379
1516353263	556	43	1702	18579	375
1516439659	558	47	1714	18653	410
1516526301	561	47	1663	18679	420
1516612510	561	45	1607	18692	415
1516698915	562	40	1649	18739	342
1516785246	567	50	1733	18828	336
1516871744	577	58	1860	19018	471
1516958039	581	80	1977	19187	593
1517044431	587	85	1932	19263	592
1517130885	588	88	1899	19303	613
1517217247	590	90	1853	19317	614
1517303654	594	96	1977	19447	692
1517390197	601	104	2097	19573	653
1517476462	605	105	2187	19665	592
1517562984	606	101	2170	19746	526
1517649262	609	96	2202	19878	587
1517735712	609	95	2114	19912	606
1517822044	609	91	2123	19966	646
1517908508	611	88	2150	20036	589
1517994952	613	85	2251	20138	565
1518080874	613	75	2164	20138	473
1518167256	613	70	2106	20138	392
1518254095	613	61	1990	20138	260
1518340464	625	69	2152	20356	444
1518426202	625	62	2113	20356	390
1518512868	625	54	2097	20356	320
1518599040	625	43	2079	20356	180
1518685467	625	32	1959	20356	110
1518771866	625	14	1864	20356	46
1518858869	625	3	1809	20356	6
1518944704	625	0	1762	20356	0
1519031060	625	0	1685	20356	0
1519117425	625	0	1666	20356	0
1519203903	625	0	1653	20356	0
1519291013	627	24	1772	20527	132
1519376714	627	24	1607	20527	129
1519463028	627	23	1454	20527	123
1519549454	627	22	1307	20527	122
1519635890	627	22	1236	20527	122
1519722316	627	22	1221	20527	117
1519808716	627	3	1207	20527	59
1519895114	627	0	1080	20527	0
1519981510	627	0	954	20527	0
1520068727	627	0	862	20527	0
1520154981	629	65	1179	20925	356
1520240660	629	64	1047	20925	351
1520327169	629	39	1013	20925	254
1520413578	629	34	959	20925	157
1520499858	629	29	889	20925	120
1520931805	629	0	567	20925	0
1521018983	644	56	1167	21536	473
1521104750	644	47	1150	21536	383
1521191071	644	37	1142	21536	265
1521278209	644	28	1141	21536	159
1521363848	644	24	1138	21536	121
1521450439	644	24	1132	21536	95
1521536580	644	7	1131	21536	11
1521623111	644	0	1131	21536	0
1521709467	644	0	1126	21536	0
1521795915	644	0	1068	21536	0
1521883344	644	0	1009	21536	0
1521969519	672	63	1716	22246	431
1522055070	672	62	1694	22246	428
1522141495	672	46	1677	22246	310
1522227839	672	40	1672	22246	231
1522314268	672	33	1575	22246	187
1522400602	672	25	1478	22246	133
1522487872	672	2	1441	22246	6
1522574076	672	0	1378	22246	0
1522660620	672	0	1339	22246	0
1522746931	672	0	1321	22246	0
1522833404	672	0	1311	22246	0
1522919764	672	0	1246	22246	0
1523006177	672	0	1183	22246	0
1523092640	696	50	1780	22933	350
1523179134	696	49	1662	22933	332
1523265386	696	48	1556	22933	326
1523351811	696	36	1518	22933	214
1523438119	696	24	1492	22933	131
1523524589	696	6	1408	22933	25
1523611068	696	2	1322	22933	8
1523697564	696	0	1236	22933	0
1523783855	696	0	1181	22933	0
1523870227	696	0	1143	22933	0
1523956541	696	0	1118	22933	0
1524043016	696	0	1115	22933	0
1524129356	696	0	997	22933	0
1524215960	713	68	1676	23691	353
1524302182	713	63	1632	23691	287
1524388618	713	61	1578	23691	252
1524475066	713	59	1451	23691	242
1524561330	713	52	1435	23691	188
1524647976	713	46	1424	23691	137
1524734333	713	39	1369	23691	71
1524820697	722	47	1497	23904	213
1524907009	722	42	1448	23904	175
1524993398	722	41	1387	23904	167
1525079900	722	41	1321	23904	167
1525166286	722	34	1303	23904	119
1525252624	722	24	1297	23904	74
1525338992	722	17	1185	23904	47
1525425459	722	0	1102	23904	0
1525511913	722	0	996	23904	0
1525598295	732	50	1321	24246	230
1525684750	732	49	1297	24246	226
1525771013	732	49	1292	24246	223
1525857527	732	48	1238	24246	196
1525943821	732	24	1182	24246	118
1526030208	732	15	1107	24246	56
1526116692	732	4	1008	24246	16
1526203114	732	0	908	24246	0
1526289513	732	0	842	24246	0
1526375763	732	0	807	24246	0
1526462259	732	0	797	24246	0
1526548639	732	0	743	24246	0
1526634979	732	0	692	24246	0
1526721636	732	0	626	24246	0
1526807918	732	0	555	24246	0
1526894270	732	0	517	24246	0
1526980718	732	0	509	24246	0
1527067121	732	0	509	24246	0
1527153548	732	0	461	24246	0
1527239942	732	0	416	24246	0
1527326455	732	0	389	24246	0
1527412701	732	0	329	24246	0
1527499105	732	0	261	24246	0
1527585529	732	0	230	24246	0
1527672100	732	0	226	24246	0
1527758289	732	0	223	24246	0
1527844678	732	0	196	24246	0
1527931122	732	0	118	24246	0
1528017697	732	0	56	24246	0
1528104048	732	0	16	24246	0
1528190330	732	0	0	24246	0
1528276768	732	0	0	24246	0
1528363162	732	0	0	24246	0
1528449538	732	0	0	24246	0
1528535942	732	0	0	24246	0
1528622515	732	0	0	24246	0
1528708709	732	0	0	24246	0
1528795399	732	0	0	24246	0
1528881523	732	0	0	24246	0
1528967931	732	0	0	24246	0
1529054323	732	0	0	24246	0
1529140893	732	0	0	24246	0
1529227091	732	0	0	24246	0
1529313533	732	0	0	24246	0
1529400039	732	0	0	24246	0
1529486328	732	0	0	24246	0
1529572720	732	0	0	24246	0
1529659242	732	0	0	24246	0
1529745590	732	0	0	24246	0
1529831911	732	0	0	24246	0
1529918419	732	0	0	24246	0
1530004767	732	0	0	24246	0
1530091149	732	0	0	24246	0
1530177668	732	0	0	24246	0
1530264021	732	0	0	24246	0
1530350450	732	0	0	24246	0
1530436825	732	0	0	24246	0
1530523207	732	0	0	24246	0
1530609590	732	0	0	24246	0
1530695977	732	0	0	24246	0
1530782423	732	0	0	24246	0
1530868898	732	0	0	24246	0
1530955203	732	0	0	24246	0
1531041540	732	0	0	24246	0
1531128081	732	0	0	24246	0
1531214343	732	0	0	24246	0
1531300734	732	0	0	24246	0
1531387165	732	0	0	24246	0
1531473594	732	0	0	24246	0
1531560013	732	0	0	24246	0
1531646449	732	0	0	24246	0
1531732812	732	0	0	24246	0
1531819169	732	0	0	24246	0
1531905491	732	0	0	24246	0
1531991918	732	0	0	24246	0
1532078351	732	0	0	24246	0
1532164808	732	0	0	24246	0
1532251188	732	0	0	24246	0
1532337497	732	0	0	24246	0
1532423943	732	0	0	24246	0
1532510515	732	0	0	24246	0
1532596749	732	0	0	24246	0
1532683223	732	0	0	24246	0
1532769575	732	0	0	24246	0
1532855943	732	0	0	24246	0
1532942370	732	0	0	24246	0
1533028769	732	0	0	24246	0
1533115211	732	0	0	24246	0
1533201547	732	0	0	24246	0
1533287947	732	0	0	24246	0
1533374391	732	0	0	24246	0
1533460647	732	0	0	24246	0
1533547060	732	0	0	24246	0
1533633488	732	0	0	24246	0
1533719905	732	0	0	24246	0
1533806198	732	0	0	24246	0
1533892693	732	0	0	24246	0
1533979104	732	0	0	24246	0
1534065491	732	0	0	24246	0
1534151872	732	0	0	24246	0
1534238277	732	0	0	24246	0
1534324659	732	0	0	24246	0
1534411075	732	0	0	24246	0
1534497515	732	0	0	24246	0
1534583925	732	0	0	24246	0
1534670327	732	0	0	24246	0
1534843047	732	0	0	24246	0
1534929464	732	0	0	24246	0
1535015859	732	0	0	24246	0
1535102226	732	0	0	24246	0
1535188692	732	0	0	24246	0
1535275031	732	0	0	24246	0
1535361437	732	0	0	24246	0
1535447945	732	0	0	24246	0
1535534247	732	0	0	24246	0
1535620752	732	0	0	24246	0
1535707183	732	0	0	24246	0
1535793659	732	0	0	24246	0
1535880030	732	0	0	24246	0
1535966326	732	0	0	24246	0
1536052719	732	0	0	24246	0
1536139169	732	0	0	24246	0
1536225450	732	0	0	24246	0
1536311904	732	0	0	24246	0
1536398492	732	0	0	24246	0
1536484685	732	0	0	24246	0
1536571172	732	0	0	24246	0
1536657577	732	0	0	24246	0
1536743943	732	0	0	24246	0
1536830355	732	0	0	24246	0
1536916695	732	0	0	24246	0
1537003111	732	0	0	24246	0
1537089586	732	0	0	24246	0
1537176011	732	0	0	24246	0
1537262288	732	0	0	24246	0
1537348829	732	0	0	24246	0
1537435162	732	0	0	24246	0
1537521444	732	0	0	24246	0
1537607951	732	0	0	24246	0
1537694379	732	0	0	24246	0
1537780888	732	0	0	24246	0
1537867080	732	0	0	24246	0
1537953516	732	0	0	24246	0
1538039859	732	0	0	24246	0
1538126478	732	0	0	24246	0
1538212851	732	0	0	24246	0
1538299164	732	0	0	24246	0
1538471881	732	0	0	24246	0
1538558384	732	0	0	24246	0
1538644765	732	0	0	24246	0
1538731092	732	0	0	24246	0
1538817576	732	0	0	24246	0
1538903792	732	0	0	24246	0
1538990256	732	0	0	24246	0
1539076764	732	0	0	24246	0
1539163304	732	0	0	24246	0
1539249563	732	0	0	24246	0
1539335950	732	0	0	24246	0
1539422234	732	0	0	24246	0
1539508704	732	0	0	24246	0
1539595147	732	0	0	24246	0
1539681539	732	0	0	24246	0
1539767830	732	0	0	24246	0
1539854282	732	0	0	24246	0
1539940809	732	0	0	24246	0
1540027273	732	0	0	24246	0
1540113485	732	0	0	24246	0
1540199856	732	0	0	24246	0
1540286404	732	0	0	24246	0
1540372692	732	0	0	24246	0
1540459263	732	0	0	24246	0
1540545584	732	0	0	24246	0
1540631990	732	0	0	24246	0
1540718432	732	0	0	24246	0
1540804904	732	0	0	24246	0
1540891257	732	0	0	24246	0
1540977644	732	0	0	24246	0
1541063891	732	0	0	24246	0
1541150257	732	0	0	24246	0
1541236800	732	0	0	24246	0
1541323045	732	0	0	24246	0
1541409644	732	0	0	24246	0
1541495821	732	0	0	24246	0
1541582350	732	0	0	24246	0
1541668850	732	0	0	24246	0
1541755175	732	0	0	24246	0
1541841501	732	0	0	24246	0
1541927815	732	0	0	24246	0
1542014315	732	0	0	24246	0
1542100680	732	0	0	24246	0
1542187214	732	0	0	24246	0
1542273451	732	0	0	24246	0
1542359874	732	0	0	24246	0
1542446288	732	0	0	24246	0
1542532631	732	0	0	24246	0
1542619060	732	0	0	24246	0
1542705426	732	0	0	24246	0
1542791836	732	0	0	24246	0
1542878276	732	0	0	24246	0
1542964727	732	0	0	24246	0
1543051105	732	0	0	24246	0
1543137435	732	0	0	24246	0
1543223918	732	0	0	24246	0
1543310336	732	0	0	24246	0
1543396731	732	0	0	24246	0
1543483075	732	0	0	24246	0
1543569488	732	0	0	24246	0
1543655816	732	0	0	24246	0
1543742249	732	0	0	24246	0
1543828800	732	0	0	24246	0
1543915336	732	0	0	24246	0
1544001574	732	0	0	24246	0
1544087990	732	0	0	24246	0
1544174380	732	0	0	24246	0
1544260838	732	0	0	24246	0
1544347181	732	0	0	24246	0
1544347181	732	0	0	24246	0
1544347181	732	0	0	24246	0
1544347181	732	0	0	24246	0
1544347181	732	0	0	24246	0
1544347181	732	0	0	24246	0
1544347181	732	0	0	24246	0
1544347181	732	0	0	24246	0
1544347181	732	0	0	24246	0
1544347181	732	0	0	24246	0
1544347181	732	0	0	24246	0
1544347181	732	0	0	24246	0
1544347181	732	0	0	24246	0
1544347181	732	0	0	24246	0
1544347181	732	0	0	24246	0
1544347181	732	0	0	24246	0
1544347181	732	0	0	24246	0
1544347181	732	0	0	24246	0
1544347181	732	0	0	24246	0
1544347181	732	0	0	24246	0
1544347181	732	0	0	24246	0
1544347181	732	0	0	24246	0
1544347181	732	0	0	24246	0
1544347181	732	0	0	24246	0
1544347181	732	0	0	24246	0
1544347181	732	0	0	24246	0
1544347181	732	0	0	24246	0
1544347181	732	0	0	24246	0
1544347181	732	0	0	24246	0
1544347181	732	0	0	24246	0
1544347181	732	0	0	24246	0
1544347181	732	0	0	24246	0
1544347181	732	0	0	24246	0
1544347181	732	0	0	24246	0
1544347181	732	0	0	24246	0
1544347181	732	0	0	24246	0
1544347181	732	0	0	24246	0
1544347181	732	0	0	24246	0
1544347181	732	0	0	24246	0
1544347181	732	0	0	24246	0
1544347181	732	0	0	24246	0
1544347181	732	0	0	24246	0
1544347181	732	0	0	24246	0
1544347181	732	0	0	24246	0
1544347181	732	0	0	24246	0
1544347181	732	0	0	24246	0
1544347181	732	0	0	24246	0
1544347181	732	0	0	24246	0
1544347181	732	0	0	24246	0
1544347181	732	0	0	24246	0
1544347181	732	0	0	24246	0
1544347181	732	0	0	24246	0
1544347181	732	0	0	24246	0
1544347181	732	0	0	24246	0
1544347181	732	0	0	24246	0
1544347181	732	0	0	24246	0
1544347181	732	0	0	24246	0
1544347181	732	0	0	24246	0
1544347181	732	0	0	24246	0
1544347181	732	0	0	24246	0
1544347181	732	0	0	24246	0
1544347181	732	0	0	24246	0
1544347181	732	0	0	24246	0
