1490145015000000000	25	7	901	1966	222
1490173815000000000	25	7	901	1966	222
1490260214000000000	25	6	928	2020	229
1490346642000000000	27	8	940	2086	253
1490433040000000000	27	8	946	2122	251
1490519439000000000	27	8	959	2180	292
1490605918000000000	27	8	942	2187	299
1490692190000000000	29	8	982	2249	316
1490778671000000000	30	9	1034	2301	320
1490864999000000000	30	9	1064	2349	314
1490951372000000000	30	8	1069	2391	287
1491037971000000000	31	9	1097	2450	316
1491124251000000000	31	9	1126	2510	325
1491210623000000000	31	9	1119	2538	351
1491297113000000000	31	6	1106	2538	293
1491383430000000000	31	5	1121	2554	262
1491469803000000000	32	8	1159	2614	269
1491556284000000000	33	9	1161	2664	281
1491642596000000000	33	8	1174	2718	272
1491728995000000000	33	8	1211	2793	283
1491815484000000000	33	8	1168	2798	260
1491901856000000000	36	11	1174	2814	276
1491988337000000000	36	11	1197	2837	299
1492074611000000000	36	10	1198	2862	251
1492161062000000000	36	9	1137	2881	222
1492247558000000000	36	8	1112	2903	185
1492333791000000000	37	9	1074	2907	114
1492420284000000000	37	9	1038	2909	116
1492506728000000000	37	6	1081	2969	157
1492593077000000000	38	5	1140	3028	196
1492679411000000000	38	4	1141	3074	216
1492765854000000000	38	5	1110	3091	213
1492852275000000000	38	5	1083	3118	215
1492938664000000000	38	5	1014	3118	211
1493025055000000000	38	5	991	3125	218
1493111619000000000	38	5	957	3142	174
1493197898000000000	40	7	982	3169	143
1493284249000000000	41	8	969	3214	142
1493370711000000000	41	7	970	3262	173
1493457089000000000	41	6	949	3294	176
1493543459000000000	41	6	911	3294	176
1493629893000000000	41	6	848	3294	176
1493716299000000000	41	6	792	3302	172
1493802644000000000	41	6	774	3312	150
1493889009000000000	43	5	787	3325	118
1493975441000000000	43	4	798	3336	83
1494061795000000000	44	6	743	3354	60
1494148253000000000	44	7	696	3355	61
1494234834000000000	44	7	641	3359	65
1494321152000000000	44	7	600	3393	99
1494407505000000000	44	7	623	3416	109
1494493970000000000	44	5	604	3416	96
1494580258000000000	52	14	644	3476	145
1494666687000000000	53	14	659	3517	163
1494753067000000000	53	14	640	3518	164
1494839494000000000	54	14	621	3524	169
1494925925000000000	54	14	630	3537	151
1495012275000000000	54	14	639	3546	140
1495098791000000000	55	14	598	3566	129
1495185101000000000	56	8	563	3589	121
1495271495000000000	57	7	539	3611	94
1495358066000000000	57	7	522	3611	94
1495444303000000000	57	7	498	3616	98
1495530820000000000	58	16	558	3676	144
1495617206000000000	58	16	591	3709	164
1495703509000000000	58	15	602	3732	175
1495789867000000000	59	16	599	3761	187
1495876377000000000	61	16	609	3816	205
1495962734000000000	61	16	594	3847	236
1496049128000000000	61	17	582	3876	265
1496135515000000000	61	16	586	3880	217
1496221885000000000	63	8	621	3915	210
1496308336000000000	65	10	644	3938	212
1496394728000000000	69	14	666	3973	225
1496481139000000000	70	14	662	3982	179
1496567534000000000	70	14	656	3987	140
1496653892000000000	71	15	645	3999	132
1496740362000000000	76	22	675	4029	150
1496913025000000000	78	21	680	4066	140
1496999576000000000	78	16	684	4090	136
1497085978000000000	79	14	678	4115	133
1497172330000000000	79	14	653	4121	136
1497258770000000000	79	13	625	4142	155
1497345336000000000	80	13	658	4175	171
1497431578000000000	82	10	694	4212	174
1497517960000000000	84	12	700	4232	180
1497604342000000000	85	14	728	4273	194
1497690728000000000	87	15	742	4299	185
1497777114000000000	87	15	728	4302	181
1497863516000000000	90	18	711	4322	201
1497949968000000000	90	18	752	4363	207
1498036509000000000	90	15	782	4393	190
1498122791000000000	90	15	743	4406	187
1498209113000000000	90	14	717	4422	179
1498295585000000000	92	16	720	4446	152
1498381962000000000	92	14	698	4446	144
1498468456000000000	92	14	643	4446	141
1498554744000000000	92	14	654	4501	151
1498641189000000000	94	14	656	4523	143
1498727747000000000	95	14	662	4541	142
1498813932000000000	95	14	669	4555	142
1498900293000000000	96	14	646	4572	128
1498986780000000000	96	14	620	4574	113
1499073277000000000	96	14	592	4574	113
1499159604000000000	96	13	597	4582	87
1499245955000000000	96	12	600	4587	73
1499332411000000000	97	11	592	4596	68
1499418766000000000	98	13	568	4606	57
1499505240000000000	98	12	561	4613	48
1499591608000000000	98	12	534	4613	39
1499678014000000000	98	12	501	4615	41
1499764389000000000	100	15	508	4629	50
1499850818000000000	101	16	519	4640	54
1499937193000000000	101	17	499	4655	62
1500023613000000000	102	19	472	4675	73
1500110041000000000	105	19	470	4689	76
1500196361000000000	105	19	446	4689	76
1500282852000000000	105	20	397	4691	78
1500369254000000000	105	16	395	4697	71
1500455584000000000	107	19	397	4702	63
1500542053000000000	113	29	467	4817	172
1500628321000000000	113	28	439	4819	151
1500714757000000000	115	25	425	4824	135
1500801140000000000	115	25	411	4824	135
1500887637000000000	116	26	384	4828	138
1500973939000000000	117	23	368	4829	134
1501060411000000000	117	22	378	4839	139
1501146728000000000	119	12	356	4851	35
1501233151000000000	120	14	344	4858	41
1501319546000000000	122	15	345	4873	50
1501406037000000000	122	15	326	4875	51
1501492392000000000	122	15	316	4881	55
1501578940000000000	124	16	316	4890	61
1501665221000000000	125	18	331	4905	76
1501751630000000000	130	20	341	4920	70
1501838026000000000	133	22	341	4927	74
1501924397000000000	133	20	338	4931	58
1502010831000000000	133	20	330	4932	58
1502097340000000000	134	20	320	4933	58
1502183707000000000	135	22	326	4939	55
1502270211000000000	136	21	340	4953	52
1502356537000000000	139	22	344	4970	55
1502442820000000000	140	31	425	5064	139
1502529242000000000	140	28	420	5065	134
1502615586000000000	140	28	397	5065	134
1502702086000000000	143	32	382	5071	139
1502788428000000000	146	31	393	5082	144
1502874956000000000	146	32	396	5086	140
1503047736000000000	148	29	402	5102	65
1503133971000000000	148	16	291	5107	43
1503220327000000000	148	17	296	5113	48
1503306826000000000	148	18	292	5115	50
1503393249000000000	150	12	298	5122	44
1503479596000000000	150	12	297	5123	37
1503566037000000000	150	11	305	5134	40
1503652445000000000	151	15	318	5147	47
1503738786000000000	151	13	301	5151	45
1503825377000000000	151	12	298	5151	38
1503911645000000000	151	12	279	5152	39
1503998061000000000	151	12	287	5161	40
1504084458000000000	151	13	292	5167	44
1504170810000000000	152	14	299	5183	55
1504257233000000000	154	14	296	5197	58
1504343610000000000	154	13	283	5198	48
1504430017000000000	154	13	273	5198	47
1504516458000000000	154	13	269	5200	49
1504602943000000000	155	13	279	5210	50
1504689562000000000	156	15	289	5221	56
1504775582000000000	156	13	284	5222	49
1504862073000000000	157	14	291	5237	45
1504948392000000000	157	12	274	5240	42
1505034935000000000	157	12	203	5240	42
1505121361000000000	160	16	180	5244	46
1505208445000000000	160	15	191	5256	53
1505294735000000000	160	11	192	5257	42
1505381115000000000	160	8	182	5260	38
1505467887000000000	161	10	178	5264	42
1505553758000000000	161	9	176	5270	30
1505639623000000000	161	9	170	5270	30
1505726079000000000	161	9	167	5273	33
1505813168000000000	162	14	171	5284	34
1505899155000000000	162	12	186	5299	42
1505985391000000000	162	12	178	5299	40
1506072011000000000	162	13	220	5343	80
1506244514000000000	162	13	207	5346	76
1506330912000000000	162	13	196	5346	76
1506503679000000000	165	13	198	5349	62
1506590219000000000	165	12	194	5354	42
1506676776000000000	165	10	195	5360	25
1506849285000000000	165	8	169	5361	15
1506935679000000000	165	8	163	5361	15
1507022579000000000	165	8	172	5370	24
1507108652000000000	165	8	172	5370	24
1507281324000000000	165	5	158	5373	17
1507454290000000000	165	4	168	5390	29
1507626865000000000	165	6	152	5392	28
1507713356000000000	166	8	158	5398	28
1507799733000000000	166	13	165	5415	45
1507886063000000000	166	13	176	5433	54
1507972512000000000	166	13	186	5445	55
1508058985000000000	166	15	191	5454	64
1508145417000000000	166	15	184	5454	64
1508231718000000000	166	15	205	5475	79
1508318130000000000	166	12	221	5491	90
1508404476000000000	166	11	220	5501	77
1508490918000000000	166	13	246	5533	97
1508577383000000000	166	13	229	5541	94
1508663757000000000	166	12	206	5541	87
1508750086000000000	166	12	201	5545	91
1508836604000000000	167	12	216	5562	78
1508923013000000000	167	11	225	5571	76
1509009340000000000	167	12	226	5572	71
1509095721000000000	168	11	266	5612	92
1509182161000000000	168	11	262	5612	71
1509268503000000000	168	11	256	5612	71
1509354953000000000	168	11	252	5612	71
1509527745000000000	168	9	251	5612	41
1509614122000000000	168	8	248	5612	40
1509700619000000000	168	5	242	5612	21
1509786937000000000	168	0	242	5612	0
1509873312000000000	168	0	233	5612	0
1509959676000000000	168	0	222	5612	0
1510046114000000000	168	0	222	5612	0
1510132562000000000	168	0	222	5612	0
1510219073000000000	168	0	216	5612	0
1510305402000000000	168	0	211	5612	0
1510391684000000000	168	0	188	5612	0
1510478130000000000	168	0	176	5612	0
1510564601000000000	168	0	165	5612	0
1510650907000000000	168	0	158	5612	0
1510737458000000000	168	0	158	5612	0
1510823729000000000	168	0	128	5612	0
1510910026000000000	171	12	331	5826	55
1510996537000000000	171	12	327	5828	55
1511082810000000000	171	12	308	5828	55
1511169170000000000	171	13	299	5840	67
1511255587000000000	172	13	304	5845	51
1511342040000000000	173	15	311	5852	53
1511428418000000000	173	13	295	5856	42
1511514956000000000	177	17	301	5872	55
1511601321000000000	177	17	303	5875	47
1511687675000000000	177	17	286	5877	49
1511774024000000000	177	17	258	5879	51
1511860522000000000	178	17	261	5884	40
1511946914000000000	178	17	267	5890	43
1512033186000000000	178	13	261	5893	41
1512119612000000000	178	12	248	5894	33
1512206054000000000	181	13	238	5898	23
1512292397000000000	181	13	210	5898	21
1512378817000000000	181	13	198	5898	21
1512465273000000000	181	9	196	5898	14
1512551656000000000	181	12	201	5903	18
1512638040000000000	181	9	182	5903	10
