1490144948000000000 364       86       7383           21659          1760          libksygpulive
1490173748000000000 364       86       7383           21659          1760          libksygpulive
1490260147000000000 372       90       7671           22071          1676          libksygpulive
1490346575000000000 379       92       7813           22417          1746          libksygpulive
1490432970000000000 379       101      8047           23016          1970          libksygpulive
1490519376000000000 379       100      7904           23114          2040          libksygpulive
1490605817000000000 380       101      7743           23139          2063          libksygpulive
1490692133000000000 382       99       8161           23596          2145          libksygpulive
1490778584000000000 384       100      8891           24330          2541          libksygpulive
1490864950000000000 387       106      8889           24577          2380          libksygpulive
1490951311000000000 390       93       8908           24798          2219          libksygpulive
1491037858000000000 392       91       8994           25069          2001          libksygpulive
1491124168000000000 394       92       9121           25550          2427          libksygpulive
1491210543000000000 394       93       8790           25565          2411          libksygpulive
1491297016000000000 394       86       8803           25587          2090          libksygpulive
1491383373000000000 394       84       8856           25652          1437          libksygpulive
1491469741000000000 397       85       8832           25947          1397          libksygpulive
1491556203000000000 398       78       8677           26195          1448          libksygpulive
1491642538000000000 399       77       8590           26362          1357          libksygpulive
1491728937000000000 399       75       8394           26392          842           libksygpulive
1491815408000000000 399       74       8070           26441          878           libksygpulive
1491901785000000000 404       86       8392           26818          1231          libksygpulive
1491988241000000000 410       96       8280           27320          1675          libksygpulive
1492074552000000000 411       93       8262           27734          1841          libksygpulive
1492160981000000000 414       96       8098           27997          1805          libksygpulive
1492247442000000000 414       99       7735           28130          1768          libksygpulive
1492333732000000000 414       98       7479           28150          1758          libksygpulive
1492420197000000000 414       96       7155           28201          1766          libksygpulive
1492506633000000000 415       93       7260           28334          1542          libksygpulive
1492592989000000000 417       84       7454           28530          1240          libksygpulive
1492679349000000000 420       84       7200           28651          944           libksygpulive
1492765782000000000 422       76       7097           28886          940           libksygpulive
1492852196000000000 425       78       7280           29477          1347          libksygpulive
1492938592000000000 425       79       6943           29522          1372          libksygpulive
1493024956000000000 425       80       6521           29589          1437          libksygpulive
1493111495000000000 428       82       6927           30050          1742          libksygpulive
1493197813000000000 431       84       7257           30411          1911          libksygpulive
1493284169000000000 431       78       7371           30868          2238          libksygpulive
1493370626000000000 434       81       7228           31443          2627          libksygpulive
1493457008000000000 441       85       7090           31640          2163          libksygpulive
1493543387000000000 442       85       6915           31662          2140          libksygpulive
1493629813000000000 442       85       6660           31665          2132          libksygpulive
1493716214000000000 442       79       6149           31699          1663          libksygpulive
1493802569000000000 449       86       6392           31955          1583          libksygpulive
1493888957000000000 452       96       6811           32398          1583          libksygpulive
1493975368000000000 455       97       7243           32888          1534          libksygpulive
1494061740000000000 461       111      7310           33203          1563          libksygpulive
1494148178000000000 461       111      7025           33217          1568          libksygpulive
1494234682000000000 463       111      6941           33303          1638          libksygpulive
1494321050000000000 465       117      7360           33752          2084          libksygpulive
1494407422000000000 466       113      7687           34122          2222          libksygpulive
1494493853000000000 466       109      7330           34122          1755          libksygpulive
1494580169000000000 470       111      8091           35381          2573          libksygpulive
1494666601000000000 479       107      7929           35636          2438          libksygpulive
1494752985000000000 480       108      7705           35651          2435          libksygpulive
1494839399000000000 480       107      7607           35737          2488          libksygpulive
1494925827000000000 484       109      7892           36042          2412          libksygpulive
1495012203000000000 485       107      8223           36375          2309          libksygpulive
1495098665000000000 488       106      8428           36736          2266          libksygpulive
1495185016000000000 494       106      8479           36979          1660          libksygpulive
1495271410000000000 496       103      8522           37152          1518          libksygpulive
1495357957000000000 496       101      8372           37188          1538          libksygpulive
1495444218000000000 496       104      7784           37261          1610          libksygpulive
1495530706000000000 499       107      8358           37880          1949          libksygpulive
1495617088000000000 502       103      8774           38307          2023          libksygpulive
1495703422000000000 506       107      8530           38566          1913          libksygpulive
1495789807000000000 507       107      8686           39058          2164          libksygpulive
1495876305000000000 517       119      8535           39350          2214          libksygpulive
1495962633000000000 519       119      8084           39438          2265          libksygpulive
1496049040000000000 519       120      7810           39450          2239          libksygpulive
1496135437000000000 520       108      7847           39496          2092          libksygpulive
1496221822000000000 523       104      7988           39653          1406          libksygpulive
1496308244000000000 526       101      8277           39945          1465          libksygpulive
1496394615000000000 529       102      8358           40258          1508          libksygpulive
1496481055000000000 530       87       7971           40338          1049          libksygpulive
1496567439000000000 531       84       7539           40347          909           libksygpulive
1496653834000000000 531       86       7202           40400          961           libksygpulive
1496740258000000000 533       91       7246           40462          986           libksygpulive
1496912979000000000 542       113      7419           41049          1201          libksygpulive
1496999495000000000 545       111      7209           41275          1099          libksygpulive
1497085886000000000 547       108      6974           41444          1108          libksygpulive
1497172263000000000 547       108      6142           41461          1118          libksygpulive
1497258685000000000 547       112      5906           41540          1191          libksygpulive
1497345215000000000 549       113      6197           41847          1405          libksygpulive
1497431480000000000 554       115      6500           42151          1598          libksygpulive
1497517871000000000 554       113      7667           43598          2670          libksygpulive
1497604265000000000 556       98       7589           43873          2704          libksygpulive
1497690653000000000 556       93       7339           43992          2549          libksygpulive
1497777037000000000 556       93       7141           44035          2585          libksygpulive
1497863434000000000 560       99       7017           44153          2679          libksygpulive
1497949880000000000 566       115      7464           44637          2966          libksygpulive
1498036382000000000 570       116      7666           44877          2931          libksygpulive
1498122705000000000 574       118      8208           45612          2230          libksygpulive
1498209048000000000 575       117      7843           46090          2308          libksygpulive
1498295511000000000 578       117      7897           46377          2411          libksygpulive
1498381881000000000 578       116      7627           46377          2347          libksygpulive
1498468354000000000 578       114      7088           46377          2339          libksygpulive
1498554666000000000 587       124      7648           47086          2662          libksygpulive
1498641098000000000 589       106      8166           47605          2822          libksygpulive
1498727617000000000 595       110      8446           47922          2694          libksygpulive
1498813865000000000 599       108      8879           48408          2496          libksygpulive
1498900240000000000 605       124      8793           48641          2270          libksygpulive
1498986696000000000 606       123      8511           48687          2307          libksygpulive
1499073175000000000 607       127      8514           48850          2447          libksygpulive
1499159507000000000 610       124      8778           49121          2159          libksygpulive
1499245874000000000 611       121      9031           49380          1895          libksygpulive
1499332317000000000 613       125      9189           49631          1778          libksygpulive
1499418690000000000 620       130      9365           49918          1705          libksygpulive
1499505147000000000 627       116      9217           50145          1514          libksygpulive
1499591517000000000 627       112      9019           50188          1501          libksygpulive
1499677923000000000 629       115      9416           50859          2118          libksygpulive
1499764311000000000 634       112      11066          52516          3475          libksygpulive
1499850742000000000 635       109      11839          53313          4006          libksygpulive
1499937109000000000 639       119      12629          54300          4753          libksygpulive
1500023536000000000 642       123      13655          55601          5788          libksygpulive
1500109973000000000 642       113      12729          56111          5983          libksygpulive
1500196294000000000 643       110      12376          56158          5975          libksygpulive
1500282751000000000 644       111      12376          56342          6115          libksygpulive
1500369150000000000 644       107      12744          56774          4543          libksygpulive
1500455502000000000 647       104      13208          57246          4071          libksygpulive
1500541965000000000 647       109      13199          57623          3912          libksygpulive
1500628266000000000 650       105      13216          57999          2768          libksygpulive
1500714690000000000 650       97       13075          58303          2194          libksygpulive
1500801070000000000 650       99       12450          58362          2208          libksygpulive
1500887546000000000 651       113      12091          58462          2256          libksygpulive
1500973879000000000 654       117      12691          59071          2382          libksygpulive
1501060336000000000 656       113      12955          59358          2260          libksygpulive
1501146679000000000 659       115      13011          59973          2472          libksygpulive
1501233099000000000 659       119      13093          60578          2749          libksygpulive
1501319483000000000 663       123      13254          61107          2842          libksygpulive
1501405949000000000 665       125      12939          61152          2791          libksygpulive
1501492317000000000 671       134      12806          61437          3042          libksygpulive
1501578834000000000 673       117      13382          62069          3154          libksygpulive
1501665154000000000 680       124      13797          62538          3300          libksygpulive
1501751554000000000 688       122      14049          63090          3472          libksygpulive
1501837953000000000 691       127      14431          63738          3496          libksygpulive
1501924333000000000 692       127      14477          64024          3016          libksygpulive
1502010759000000000 692       125      14244          64057          2906          libksygpulive
1502097223000000000 694       147      14255          64383          3184          libksygpulive
1502183593000000000 697       141      14741          64924          2974          libksygpulive
1502270073000000000 707       144      15786          66013          3625          libksygpulive
1502356414000000000 716       151      14322          66553          3674          libksygpulive
1502442738000000000 724       149      13730          66905          3481          libksygpulive
1502529160000000000 725       140      13496          67207          3199          libksygpulive
1502615507000000000 725       139      12034          67265          3214          libksygpulive
1502701978000000000 729       148      11541          67650          3589          libksygpulive
1502788351000000000 732       130      12172          68326          3671          libksygpulive
1502874837000000000 737       133      12600          68806          3123          libksygpulive
1503047633000000000 744       123      12611          69709          2954          libksygpulive
1503133913000000000 744       110      12415          69916          2728          libksygpulive
1503220276000000000 745       112      12105          69934          2698          libksygpulive
1503306758000000000 746       117      11771          70036          2710          libksygpulive
1503393170000000000 753       123      12093          70454          2443          libksygpulive
1503479537000000000 756       123      12293          70688          2009          libksygpulive
1503565964000000000 757       113      11897          70812          1818          libksygpulive
1503652377000000000 759       118      11970          71208          2044          libksygpulive
1503738724000000000 759       110      11732          71350          1453          libksygpulive
1503825260000000000 760       111      11143          71385          1454          libksygpulive
1503911559000000000 764       119      10750          71758          1820          libksygpulive
1503998006000000000 768       117      10952          72103          1788          libksygpulive
1504084380000000000 774       117      11312          72511          1896          libksygpulive
1504170746000000000 778       123      11084          73034          2274          libksygpulive
1504257161000000000 781       126      11244          73632          2600          libksygpulive
1504343551000000000 787       125      10864          73743          2420          libksygpulive
1504429954000000000 788       125      10364          73788          2405          libksygpulive
1504516396000000000 788       128      9915           73923          2471          libksygpulive
1504602834000000000 789       128      10192          74243          2298          libksygpulive
1504689454000000000 798       131      10597          74658          2367          libksygpulive
1504775526000000000 802       131      10496          75151          2372          libksygpulive
1504861988000000000 806       128      10269          75952          2574          libksygpulive
1504948335000000000 807       122      9823           76156          2432          libksygpulive
1505034858000000000 807       122      9447           76202          2428          libksygpulive
1505121265000000000 810       129      9415           76603          2772          libksygpulive
1505208370000000000 810       128      9635           76871          2778          libksygpulive
1505294632000000000 812       126      9966           77292          2811          libksygpulive
1505381030000000000 814       117      9681           77692          2760          libksygpulive
1505467723000000000 817       115      9408           78087          2556          libksygpulive
1505553677000000000 820       117      9215           78209          2063          libksygpulive
1505639568000000000 821       115      9068           78232          2035          libksygpulive
1505726007000000000 824       122      8545           78442          2201          libksygpulive
1505813104000000000 835       133      9013           78944          2220          libksygpulive
1505899043000000000 839       135      9497           79435          2358          libksygpulive
1505985271000000000 839       129      9120           79435          1961          libksygpulive
1506071836000000000 843       135      9479           80094          2088          libksygpulive
1506244434000000000 844       132      9316           80348          2117          libksygpulive
1506330839000000000 845       132      9358           80681          2435          libksygpulive
1506503617000000000 848       123      10314          81766          2585          libksygpulive
1506590137000000000 852       131      10222          82167          2611          libksygpulive
1506676626000000000 856       130      10119          82410          2579          libksygpulive
1506849224000000000 859       131      9292           82670          2325          libksygpulive
1506935618000000000 859       129      8961           82685          2306          libksygpulive
1507022457000000000 859       128      8948           82722          1831          libksygpulive
1507108533000000000 859       119      8891           82722          1260          libksygpulive
1507281252000000000 860       71       8313           82794          524           libksygpulive
1507454222000000000 862       35       7336           82867          206           libksygpulive
1507626806000000000 864       68       6817           83014          307           libksygpulive
1507713271000000000 869       84       7014           83255          508           libksygpulive
1507799651000000000 874       107      6820           83544          762           libksygpulive
1507886005000000000 874       129      6718           83795          970           libksygpulive
1507972443000000000 878       137      6655           84129          1276          libksygpulive
1508058888000000000 880       140      6189           84195          1335          libksygpulive
1508145312000000000 880       139      6019           84217          1339          libksygpulive
1508231655000000000 886       136      6253           84484          1370          libksygpulive
1508318065000000000 891       134      6668           84914          1604          libksygpulive
1508404414000000000 899       111      6594           85248          1617          libksygpulive
1508490859000000000 904       118      6721           85902          1972          libksygpulive
1508577295000000000 905       116      6537           86093          1919          libksygpulive
1508663679000000000 906       116      6289           86120          1911          libksygpulive
1508750021000000000 908       119      5981           86249          2018          libksygpulive
1508836503000000000 911       122      6092           86437          1840          libksygpulive
1508922931000000000 920       122      6352           86731          1705          libksygpulive
1509009267000000000 924       117      6075           86966          1617          libksygpulive
1509095656000000000 926       109      5839           87301          1535          libksygpulive
1509182090000000000 926       103      5376           87301          1233          libksygpulive
1509268451000000000 926       101      5031           87301          1186          libksygpulive
1509354885000000000 926       101      4767           87301          1167          libksygpulive
1509527665000000000 926       69       4631           87301          693           libksygpulive
1509614057000000000 926       53       4594           87301          408           libksygpulive
1509700517000000000 926       14       4554           87301          66            libksygpulive
1509786859000000000 926       0        4519           87301          0             libksygpulive
1509873241000000000 926       0        4476           87301          0             libksygpulive
1509959618000000000 926       0        4448           87301          0             libksygpulive
1510046054000000000 926       0        4441           87301          0             libksygpulive
1510132486000000000 926       0        4423           87301          0             libksygpulive
1510218955000000000 926       0        4187           87301          0             libksygpulive
1510305304000000000 926       0        3991           87301          0             libksygpulive
1510391623000000000 926       0        3670           87301          0             libksygpulive
1510478059000000000 926       0        3371           87301          0             libksygpulive
1510564505000000000 926       0        3127           87301          0             libksygpulive
1510650837000000000 926       0        3092           87301          0             libksygpulive
1510737358000000000 926       0        3070           87301          0             libksygpulive
1510823653000000000 926       0        2704           87301          0             libksygpulive
1510909966000000000 995       114      7873           92899          1861          libksygpulive
1510996422000000000 998       116      7883           93232          1916          libksygpulive
1511082741000000000 998       113      7497           93263          1913          libksygpulive
1511169104000000000 1000      115      7354           93422          2037          libksygpulive
1511255523000000000 1004      117      7711           93826          2131          libksygpulive
1511341985000000000 1010      119      8089           94223          2231          libksygpulive
1511428340000000000 1014      114      8344           94694          2356          libksygpulive
1511514859000000000 1020      118      8572           95180          2417          libksygpulive
1511601201000000000 1024      123      8668           95561          2382          libksygpulive
1511687586000000000 1026      118      8356           95591          2336          libksygpulive
1511773961000000000 1026      121      8335           95814          2543          libksygpulive
1511860417000000000 1026      118      8735           96274          2603          libksygpulive
1511946830000000000 1027      119      9016           96580          2444          libksygpulive
1512033124000000000 1030      121      9164           97039          2534          libksygpulive
1512119536000000000 1035      114      9285           97506          2457          libksygpulive
1512205990000000000 1038      110      9397           97868          2323          libksygpulive
1512292323000000000 1039      111      8975           97908          2324          libksygpulive
1512378741000000000 1043      117      8876           98050          2417          libksygpulive
1512465198000000000 1047      109      9320           98531          2402          libksygpulive
1512551584000000000 1049      125      9838           99079          2644          libksygpulive
1512637980000000000 1049      115      9455           99079          2190          libksygpulive
